2983248
-185
1035961
2278804
3552738
2439153
2286367
-1132
2984122
2222661
1144454
2589867
4174784
4579009
1797318
2071083
1176512
2782365
737154
584592
4581190
1659150
4955246
1976570
4166571
-2063
3530393
978202
3615920
1982200
562537
2859198

-1607
3333253
1191417
2024583
2978501
N/A
2500994
2897790
4162890
2591728

4112680
N/A
1765186
4290041
1059069
2270145
1300783
1801513
1901322
2614594
1507046
2746602
815784
3501085
4825940
1985929
-3502
1612436
1794183
2969320
623205
4743078
675055
-3884

1505128

4254408
-2075
3001086
841355
-4857
4723107
-188
3899401
3440263
3319388

1088446
N/A
-4555
1634783
-3058
4458647
3864287
1094739

-1463
1808361
2110002
2801875
1659431
2150700
3430142
1598762
1175643
2193786
4791096
3824710
2540446
-2705
2092605
N/A
1234956
1061709
-4635
2188115
2760954
2110651
4596073
3359284
3073344
4006976
3180209
-2435
1048169
1764134
2562268
4497311
1278688
3460689
3529812
4161325
-595
765654
503127
1134109
3171259
4908151
4466139
4116473
4065433
3574432

1511673
-2315
-1421


1037981
2431821
2945594
3986122
2459351
2942884
1511262
4853017
4493402
4647541
2679723

3676757
2118191
2948881
-4539
-2064
3700912
3213995
3528859
4685307
4104281
1005855
2262214
3658724
4606065
4323124

4141094
2331520
3240847
4005210
2892202
3050105
3468473
3794325
1435660
1022021
4030251
4318619
687878
N/A
2751785
3026055
3227437
523916
4912273
3243444
1369856
-2683
1476437
3075096
3453094
2905463
2021766
1118392
4863564
-4821
4526632
-2528
1173461

3526571
-2429
N/A
-4134
4051618
4999102

4126563
2324169
4146997
2393578
-4463
3393530
3810753
4881026
1094279
4745530
-3481
4084670
2427236
803527
4414209
2059225
3292847
-4727
4005174
3925859
1552631
2423020
3438141
1047363
4923728
2624317
1467663
2114777
N/A
1459272
3088390
1433676
3807120
-2452


1899139
4804012
928860
2250120
4832984
-2030
4818102

3291914
2625383
3623307
4575424
4481082
-2499
2402363

4909200
1753018
2832964
3854146
4574893
3070999
878389
4464743
-1702
N/A
2897960
1383635


810064
3232075
2586441
2923513
-4500
4516411
1195492

4656403
1767878
-3880
3138427
900564
2908186
3029895
3932604
2881481
1976652
4199728
878505
564129
3003699
4073345
-4793
4747884
3497091
3489346
3988614
588751
2358949
2943737
3351303

1741993
3351208
-2092
3135323
1593344
4235693
2714936

-3341
1915052
3658552
4683232
-2108

2315661
929422
3272190
-2763
-161
2846888
4309433
4371002

N/A
2417750
4031484
4088425
3113157
-2781
3650940
1026548
3551520
1699054
3272715

938303

3988172
709138
3072851
3298067
662078
1777428
N/A

4594972
2855403
2885641
2596228
1228230
3580041
-4443
1137235
N/A
N/A
4396803
605618
1949942
3388653
2638865
4953176
3285291
3619796
4186863
726509
1761133
3368231
2860405
788236
2665046
3009114
2780438
-3858
2457993
528093
3047426
3223081
-512
3204896
3843071
-2990
2226400
905559
3967786
4254240
2458927
2820411
1832552
2291723
2223370
3222465

2580772
4840298
2281647
N/A
3645875
3158843
1848756
3778809
3588864
-826
1447522
-4314
4974168
3538298
3473927
669603
2771465
-570
934183
814882
1694388
537831
-1024
1983079


2463860
4075660
4075489
4250847
3199825
3162304
-1883
-2558
2211081
4427454
3708691

1088088
3455358
2326753
N/A
4031867
4199992
1301079
2287555
-2440
-4675
1440565
-4683
4905848
1237259
2544418
-1259
3976057
2835835
-1724
1505946
-1009
2179297
1099571
3052004
4726354
1952985
N/A
845326
1336472
3593784
2319594
2135903
2857584
-1462

1033244
2614147
3419858
2716009
3443215
-4993
4193361
1935655

4751085
-1939
613285
N/A
3738653
1368522
3502775
3428261
538470
2680055
4628995
N/A
3013076
1855640
677382
1929973
-776
2930372
-532
2846798
3108614
3057280
3039319
3753118
-1436
3322765
4826836
1803826
3279261
-4444
3312982
4031259
2025014
2324136
2817269
3000063
782853
3377208
1918341
2725660
-1472
2404446
1670565
1399642
4614781
3561519
3912477
3601971
4938672

1382601
1419368
-4239
3128332
2105307
2243535
2333527
4803081
4930357
1332121
3656666
1780142
4729073
1547424
4258333
N/A
3999996
N/A
550255
4001393
596810
4457979
4692041
N/A
2876949
573557
1651223

1105381
4119050
-2469
4264814

3795030
N/A
1931397
3781154
2998360
1443594
N/A
3665762
2867206
2361984
764305
-892
2392598
4715116
2424696
3716773
918827

3263797
1096025
3127172
3482395
531036

3018821
1542714
N/A
4406125
3607119
-4623
2571206
2102591
3042239
3299810
1629189
1696882
2330960
3014531
2958325
4908884
N/A
4150627
4074146
4786889
1434774
1431825
4582227
1296151
2006010
N/A
-3789
4679507
1164722
1556237
626168
3157808
2979212
3319461
2378192
3668238
N/A
1095466
3559274
1789770
4208882
3274663
4677967
1045080

1862274
3397703
3583002
-2315
4300894
4712580
2799048
3836176
4512870
3656191
4236889
N/A
2231171
4919564
4671044
3911148
3621634
2342161
3483605
745860

N/A
975394
3848619
4534119
4152381
4050260
-2613
4299667
4625227
N/A
788616
625612
4847483
2098345
4639228
1059821
3490321
4538296
2525187
518257
1440273
744346
3419389
-3660
4086301
2924517
612412
3688772
4921424
4294134
3272728
4591090
3331883
-4026
3965851
1635790
N/A

4103125
2516073
3004513
-3156
691853
3539177
-4225
982269
-4934
1947276
4419254
2847647
4033185
1787844
4537410
-2986
4357369
4319069
-1078
N/A
563291
3151403
3421782
N/A
3440690
4398945
-4635
2706031
1672082
4328073
2732990
N/A
-775
4621985
1234038
3256553
3633758

1974534
923798
N/A
1982842
-844
1865104
2994151
4599784
1777347
1266920
1323430
1511722
4361171
N/A
-3011

652473
2055236
-4572
2093061
4134399
2000679
2994762
1395140
703034
2887273
1710898
2361452
-4265
4943775
N/A
1553860
3425276
3695051
3366144
1987616
1569827
1856272
2664287
2808378
3777165
N/A
1440095
1767825
1566494
743841
624391
-1172
2616450
-2159
575703
N/A

4362250
1737821

828937
2101869
3233638
4759912
4960452
-3697
842881
4197577

2036487
3820090
1351371
3002869
3805666
1538494
2330694
677234
3374129
1268908
4009795
1577561
N/A
651338
3610367
4794399
3518540
3245711
N/A
4107719
N/A
-2771
1264250
2734588
1200460
3432831
1613452
-3077
N/A
3756138
4740421
3138526
4891745

3737078
3115248
2736871
3609906

4240335
1915985
3714079
1030894
4779035
818813
4039210
3503446
1323193
1874610
2194991
3821790
1913291
-395
3032732

2018592
3367538
2553496
4348051
-2737
4404304
4279183
1924362
-3487
N/A
503162
1672268
N/A
1249854
2905338
4522497
-2396
4996662
3374471
4202863
2085605
2410724
4028633
3585223
3968287
N/A
908682
925982
1837142
3538524

2264867
3623363
1331281
530168
4501145
N/A
801053
-4535
1087045
1403067
4292306
4325376
3678152
1882028
2221266
-4427
4692149
3056117
2271096
1853877

2825672
1329198
1832710
-769
N/A
2885401
4654191
4246872
4493598

4630642
1809297
2190916
689734
1251107
3133029
3290692
N/A
3486261
3107087
3933460
4786862
4886412
1306765
4915187
2703195
2226458
1319416
2947138
-1247
2336045
3965613
4368170
N/A
2504416
638069
1477976
2366314
3405807
3478680
3229866
3589898
-4553
N/A
4125704

3320876
3933469
4108262
1213842
1031058
2354674

938093
3497799
2109086
2714686
2972870
4684355
3548166
4478574
N/A
N/A
-4229
-878
2106622
1679433

2922840
-2143
N/A
-1835
1698753
2629160
3624588
4573458
1950590
728735
3320773
3122532
1004433
1833265
N/A
1890243
4456860
1904154
N/A

4880928
4821918
1843505
-3442
2278952
2322294
3088795
1726863
1986159
1922079
4866862
962518
2157697
2241329
3847282
1374319
2416486
954934
1444582
2571891
1933393
3271684
4871707
4322122
4665951

3986478
2951200
3054313
N/A
4209100
3586822
1660707
N/A
2185014
3904577
-745
3582533
N/A
3298766
1739456
3038239
3588867
3255577
3364599
3478156
1615420
-4928
2247749
3857365
3617249
-4186
2813796
-2889
2502936

-248
2188892
1750155
1677575
N/A
3565704
2602795

3876445
3467798
2202781
4203723
841664
969929
1736257
2983004
2041034
4991006
2613869
4949601
4196038
2285612
-692
4966260
3029231
-4562
3769315
1814806
574610

1714079
2245257
3469388
4880013
4127328
4668252
2246111
4565841
2798123
-2378
762628
1282766
2939872
4534397
2976205
3415834
N/A
3957592
1529504
3417154
3030742
3509328
2640817
3287803
3942098
3074056
N/A
3144689
3056268
927382
4422502
4337169
-3440
4443173
-1112
1378652

3857831
3292757
4693980
3544346
2595084
4295041
2535445

2610739
-170
2023502
906235
3536006
2268758
2123115
-1857
1397463
3517397
3054840
4003192
-1174
715884
N/A
2906061
2527770
4174738
1907156
-2016
4996395

2751783
1674758
4327463
1997770
1701336
4444299
2336620
1733899
1689779

4455054
3228786
2241964
1809640
2380795
1134271
3709403
1945698
2131904

606115
3233298
4213354
-766
1254320
556183
1094298
3114235

-1467
3464338
4165224
4985184
1780170
4525486
-518
4072628
2691638
1345922
N/A
2615275
3195276
1919521
3111114
2076514
3850941
2701004
-1943
4041436
4933181
1467785
1057315
1238018
944828
4418511
3827138
1035023
3109372
4435401
4673629
2163575
2147941
1352419
N/A
4125013
4150366
2910919
2916303
603565
3884580
4037105
530186
3121093
2297431
4350172
3026414
-4896
1555472
3313519
1226810
N/A
2064599
2605892
3355337
N/A
4715960
3398049
-2205
3465423
3150181
2723067
2666501
4552072
1318477
1014950
-2741
1887054
3314762
2305239
4020902
2263739
1535702

2819693
3496999
3072726
2356439
3849886
527344
911671
N/A
1627616
2635060
4174796
-1823
-983
-347
-626
-2587
2597623
4617149
4280720
1415569
-610

567563
-3628
-4352
1245268
N/A
3717571
1788806
-4354
2663339
3232057
4956427
4815772
3928922
2814830
1581144
4896767
549135
-890
1535069
3448547
522106
-4996
-3948
2317160
4730003
2519375
-567
4648912
1192100
4890297
4013589
3223025
3254394
2843433
3850818
N/A
-321
N/A
4635148
3748137
4585757
4486745
4966555
4979753
-2388
2023652
4416079
4788382
1927272
613697
1556949

3898265
2636425
-2188
2628343
4917356
2419253
3887483
3191484
-2890
1072856
2017322
741192


4121292
1216213

4742990
654310
3266650
3482798
1752503
4774251
3383592
4592214
1163222
N/A
3599286
4559812
3072108
2898293
1820141
4576107
4321765
2227116
2419196
1584125

2415545
1975020
3475113
2797173
613774
4965407
799576
785339
2390820
1755308
3201112
1215936
1692821
1092903
-2435
3084977
1065112
-261
661055
908190
2668107
3451068
3517758
4440938
1081892
1765350
2635084
2946493
850070
4778807

1982029
4519784
4412601
3158688
2291986
3589255
3899061
3495694
880649
3123338
1816888
2948191
670523
N/A
3919571
1435940
N/A
3168826
4886735
4771634
-2017
1267315
3324453
4002620
1815177
4855247
3959571
3937185
1752848
-4287
1120116
964822
4095254
2740053
-2311
4398179
2670903
N/A
2444443
2565473
542849
4435232
608063
4472737
-2385
2683190
792291
N/A
2856111
907870
2234436
4874859
N/A
4397686
-3480
1778324

-4218
1603759
1628719
3138715
3956102
2914359
4089449
2521098
1267998
2759932
1464587
3803149
2121434
1415144
3086219
3165120
2704933
4084787
4730052
4770551


-1389
4357220
1835975
4509560
3773101
-2353
4896377
1829404
4115252
2676555
-3894
1138915
4517779
2165711
-3930
N/A
1990579
4804692
1781264
2781205
-4045
4714074
3800799
539866
3888753
4938393
1060319
4021459
-1514
4421885
4191731
1444291
1786842
951413
2214975
N/A
563048
2483615
3043212
2524669
3823049
2324945
1516618
-1989
1670376
3445227
2988248
3326170
2672906
4450423
1412585
2269180
1584266
-4186
4916883
-3562
4173320
-1956
721730
3266833
-1175
822583
3467851
587663
4150294
2818528
979853
3216513
2328736
3901657
2571138
3831968
1585537
1271341

4116027
2306618
705435
3724231
3812623
1080184
1173962
3074821
-874
4304944
1727235
1186251
-4348
3265739
2008836

3711032
552336
N/A
1722389
N/A
4534331
1612129
3233486
-4661
1693438
4734639

1155340

1068326
4400940
758440
2294721
-4331
2296718
3682564
791584
1032191
N/A
2815032
3040297
4187100
2203107
1296152
1600905
N/A
513953
2007282
2716408
4417480
2738432
1880703
3390052
3137768
1690266
4928641
2473790
3106165
3627163
4919930
1932583
501781
3728535
985465
1933744
772297
2591964
-2847
-1096
1858653
4141693
-959
-1643
4456689
838945
913653
1651553
4566983
2805762
742174
2016848
1897509
-2372
1832164
N/A
989398
2731379
2488806
2593270
-2278
-1651
4816645
3215749
2689498
3178785
3313331
2088477
2374232
2923147
2607552
4561080
1155312
4522162
2052048
2888290
-4577
-1894
1687662
3138447
508136
N/A
-786
3803191

3780507
1245034
4956060
-2589
1891749
876751
3018718
4136752
1572667
675786
1258368
1736086
775107
3420948
2526440
-3233
3508946
-1684
2046671
4940378
2733416
3041945
4898819
2455129
-1944
2878707
-2331
1027687
4154275
3718924
3892272
3905564
3384007
2017828
4785737
1221547
2594880
4507901
N/A

883522
949138
1865813
2894186
787503
3501092
1995792
4749875
2242104
1188164
597834
2385529
2533536
2257080
2455391
4413497
1748609
2700374
4868613
4388285
1190610
4354211
2161522
2050377
2621640
N/A
-1083
1132591
2497737
1187051
2135475
1951292
4855136
4014312
3894735
3412902
716308
2124408
4457437
1903496
2438943
N/A
-1811
-535
1593587
2307008
751063
3438971

-1572
N/A
2513991
4867550
2592623
856644
2485932
1625079
1478700
1883525
3461476
1690800
2760442
780163
-2414
1692261
1901012
802484
1331043
1979583
588718
3511373
1987327
4739359
1951910
3862932

4882931
2788209
734483
539779
1411895
4722437
2678019
4810112
1679415
4708665
601319
2237029
1883259
2948360
2206849
4198722
4808277
1983882
2380010
4204270
3385115
3754233
N/A
-1101
502940
4962059
-2318
1923871
758581

-4374
4267550
2501443
2097661
500303
1114492
1875505
2068069
N/A
N/A
2706197
3991754
1570955
N/A
3979785
819291
-1021
N/A
4421260
617383
1184589
4066296

1788946
2767348
N/A
4821935

3368255
3173992
4373050
3435065
1928881

3391235
-369
4602897
-721
4664653
-4820
3578429
2726101
4911214
-3152
N/A
4928276
3403079
4870750
3181966
3346577
-1301
1304596
4062582
4317985
N/A
3198114
1327244

2837481
639481
3710196
1454476
1601538
2124945
578294
-4550
565692
N/A
2905513
1769766
1562753
-2396
3863543
2602172
756349
715762
-4843
3141194
3953805
4438937
3942642
N/A
4605136
1545921
-784
1345939
841631
-1596
632917
1696848
3785722
-758
1444910
-1886
-2854
2155097
-3702
-4904
3684860
4671511
2073959
4468386
3815323
3911416
N/A

4264561
819510
3220947
4689671
4619963
4059292
N/A
2304102
1519776
N/A
3205072
4655980
1975770
3067726
2107863
3394157
1671017
-4429
1139051
-3900
2378917
1869735
1837141
N/A
771359
2093509
1156408
1279101
1209877
4799335
3790893
2267078
4885724
2865597
-3089
3994750
4305263
571202
N/A
1203544
N/A
1767602
1010192
3033007
2882694
1909081
3509654
4593105
4364129
2967331
-3840
2420516
1797191
N/A
773382
4734493
3644876

1257744
1219832
2489531
4406449
-1485
2124680
2259433
2134659
2081421
1823683
2175588
882346
1256472
3381792
1404193
3032173
-3926
922122
786070
2061085
4888724
2797993
3245444
4010351
-1978
2414694
2030207
N/A
4105411
3374950
1342301
2944587
835260
3978140
2343720
671510
2909124
1215295
2696782
2334052
4903014
2297195
4266235
2026095
3857127
-282

-742
2234679
4358166
4599577
1595832
3524269
2981168
3517927
1863380

1248083

599695
3407526
2501265
2791076
770401
2566447
949799
2397129
4862635
4088188
-1449
3319445
2743536
2431752
-2575
N/A
4330121
2608801
2817095
4184061
3465723

3181900
2096135
3688967
1782596
-4957
1915615
3193885
2394148

3373400
2529390
2447562
N/A
708198
3237764
N/A
1495822
-4281
3853165
2860574
3879332
1234537
1733029
3132163
-3807
2643960
-3016
2214466
2865105
1804758
903356
N/A
N/A
2909256
3291044
2177163
1081757
1289115
-818
-3121
2388660
-3811
4416223
2026032
1642098
4980763
-1587

4309870
4150597
4236129
N/A
N/A
4934258
1707418

4175966
1881375
-1988

743986
994270



3231472
876521
1055280
3335609
3490101
-1650
4778257
2112653
3537245
2090587

728060
3267315
1835689
2370555
1411564
4115982
4832221
725173
-2376
1843725
2068970
536836
1287943
-1068
4067206
4509875
2245485
779040
-3044
4901720
2259418
4517141
3212114
3927107
N/A
4277892
4537255
1779741
3088162
1893596
-4531
2946363
2229533
2303611
3420854
4245873
2374825
-3098
-1636

942619
-2768
N/A
2072273
4734528
4302497
4118483
2606913
4169224
1002565
2898817
N/A
3385387
-778
3730162
2314720
N/A
4883680
3078467
1021387
-1060
4134694
3095261
1439354
593591
-3969
2011122
3619189
3132100
4586097
1817906
4005899
3775094
3060236
1698984
2792403
4374322
763266
N/A
2609271

2523512
1369935
1030835
N/A
N/A
1337505
4011417
1451523

4795876
2930953

-1190
-1596
1694103
753132
4321382

3766016
-1990
4773737
3757382
1744024
1657224
-4166
3083698
2620145
2813862
3106321
4515565
576753
-1480

4602177
1362302
3154829
3459863
4310397
1720401
-4496
2125162
1052148
2347225
585892
N/A
1345276
3106988
3170698
3985894
2744494
4536902
1648206
-2413
4125780
4119810
2528870
-3519
1745883
2094548
1525987
1627541
-3651
4905440
1558310
2309595
2315908
2072280
-1669
4436241
765576

2006162
4755391
1215121
2073162
4327003

2979664
3904796
4468678
1570920
3205402
1542766
2824986
3964035
2537335
4186890
3890564
1018911
2176559
4391099

4129168
1411163
4023515
2945286
1507166
N/A
2220469
1157003
4094678
2666336
-1613
2525309
2627405
2595521
1683633
-4236
2957949
4610421
2862357
2072402
989951
-4653
4554004
2870058
4454238
4689702
521868
4342257
893793
3614928

4323328
1913585
1499485
N/A
-4743
518360
1494292

1557098
-802
-1180
2937345

995160
3398596
-4416
1817405
1844200
1464273
1484275
2290201
1983359
4574130
4429532
2374169
2591730
1408291
4977763
895709
-483

2825099
1371007
3827242
1112383
3761389
2983704
1165410
1425975
3450955
3031122
3604904
2630776
4596224
4290114
3125144
4475655
2154951
3079784
2775160
818961
2716331
-2366
1157071
723296
1898583
3798111
2954615
-338
1085101
3849311
1564107
875171
4670078
4803636
4428870
4189449
2277398
3266872
-1496
2313143
3635380
-1451
1222696
4599907
804668
3369022
4594853
2051907
3515001
3478474
1903407
1724826
4336197
1170548
1546521
2711585
-3245
3704071
3569298
4660653
3814565
3038916
1828222
1750695
N/A
2752123
4402916
-1433
4745712
1863278
2743832

4087242
4217279
4807314
-386
2845499
1669335
500535
1113280
N/A
3217969
3379869
2326747
4881375
2358964
3795556
-3653
N/A
-1948
2623623
2090232
3845778
1197190
2439758
1100583
4979846
1180633
-3018
3828874
4075763
3769041

-1446
782115
857893
1929074
4152796
4638318
4308996
N/A
4351522
N/A
2686769
3328745
2843851
610952
904483
958023
4728874
3719156
4902988
4934806
3732628
4426091
2265949
3620016
1970655
4516195
1459208
4644287
2663372
2055279
4976356
647056
3794920
1489347
1761404
1357975
-193
2556568
4047305
3787196
2307775
4143251
2108634
4824846
4136645
1376412
2468608
3842661
-3349
1629153
3494668
2050016
722719
1716442
4167403
1090026
2777368
N/A
3211425
4043765
3157022
4980030
N/A

4055537
1549579

3255036
-2980
3204802
N/A
1644007
4123418
-2830
-3640
4896538
610447
4156557
2241991
3843563
3995396
2483307
2818400
3563104
3833727
4394708
1150933
4270997
655997
3901561
2299088
2385027
3073064
-4706
689988
891208
-4590
4637720
-2350
3445558
4341493
4097760
4361618
-3746
-2859
3843619
-3662
2885296
3951259
-2717
N/A
2904197
2229767
704518
4112229
-105
4904225
3751474
1391330
1867387
4799450
1044408
4181898
-2967
2284211
1797302
1680023
2048537
1196431
2354883

2461167
2321910
N/A
4225564
-3548
N/A
1712911
-4650
1795336
-2184
2266208
1964222
-4089
1769066
4593590
2274822
1290245
-2072
N/A
857890
4306607
1957572
1883212
-1401
1554783
4169464
2593315
4888385
2388869
3447015
1729347
1522646
1343002
682154
3335772
-1747
4258851
1503437
1796501
1549639
-1555
2251245
N/A
4631258
1606348
3627482
3877787
4291082
2621816
N/A
4093992
3033898
4074111
4549955
4394602
N/A
-1945
2306863
4247424
4225470
4941410
4916299
N/A
2807595
1380670
1970075
3929462
1006382
N/A
-2466
889811
2215156
3031664
-1134
-243
N/A
3302441
-4758
2082931
2046237
4738063

4545339
1777191
4811347
1011995
3389540
2705286
1146729
4447370
2896843
2832051
2287553
3694357
3741414
3731494
-4769
2104388
1739064
2570448
4811771
4009256
2732650
951700
2445759
2934998
2488554
2708776
1792609
2707918
1859245
2737234
2837610
1914687
1469283
1013381
3974808
2063793
1112885
2254695
2874963
3167691
3066111
1823982
4755438
3550763
3123134
3731762
2130420
4497017
N/A
2154846
-275

2731616
4101426
1056478
-824

3449404
N/A
3027719
1611201
3342340
3202470
2964495
2303003
2031735
-4796
1055975
4527000
1650415
4718405
4410634
1662697
-2568

837696
4908615
3643920
4216882
1653448
1587900

1837328

-1899
2399767
4216335
3046862
N/A
4593454
4134028
2318209
2082172
3884269
3527625
3314689
896947
-281
4905878
3543013
2227913
4689509
3087101
N/A
2720472
4136254
4795649
4938664
-2044
N/A
995520
4776572
2666698
2666868
2148568
3679128
2096118
2444984
4960008
-2004
1479567
N/A
-3154
4366745

4290399
2672219
-2338
4310752
N/A
2894301
-2856
1915993
2932503

-2513
-2066
N/A
2873324
2833111
-1581
3957256
891591
710686
3842363
2426161
2239417
4024960
2361895
1072211
4223953
4473764
1492251
2083777
-1852
2465252
-3694
3854951
4807552

1997763
741102


2763021
-3178
N/A
2690684
3194814
1973939
2452111
1008395
3408560
-4564
2168272
4882508
2532374
1269720
4671827
2268780
3698508
4494246
2216334
-4691
1342775
2154929
3975280
1655821
1932915
4341455
2956435
3185217
2001365
-1761
2640619
3429809
3279611
781918
4618344
1225636
3753749
3309692

-3363
1499355
1973207
3046304
2456763
2589157
2882888

608496
4681494
1001450
3728006
2147247
-1183

4128991
3862300
593663
3534931
3421592
1275378
3455069
547813
4278335
2345560
1811437
2453009
1715377
3773462
N/A
4327561
4347956
979917
1886083
1776372
1114064
687842
2415812
3687445
1063365
4226037
4222768
4754400
-1279
1917202
3634201
2919548
-2262
1643988
4168343
2627486
2239608
1522770
3435541
-1372
866748
2874744
4280007
-1881
1286507
1414745
3966607
4128317
3345074
974391
N/A
2213119
3245198
1734742
4177908
4690623
3743293
1589831
4055644
1049862
2687786
1797164
3729192
3007056
1257787
727833
3729666
4242491
966880
2070219
-3172
-1853
3490083
756815


3249617
3894435
4256687
3321065
984518
1167772
2689338
1695577
2739908
2204841
3423165
2332967
1139957
3817729

2453576
-320
-2415
4442398
1827352
1881487
1708803
3086269
N/A
3134074
4876569
4762281
2899714
4071562
2765165
4122888
873064
1518049
710065
4722197
-1370
771848
605881
1988035
1336770
4299390
N/A
1752458
4227339
-1460
2333398
-3673
4446679
4894993
2409285
3407427
3708365
-1943
3958314
1111179
3780292
-1777
-1036
4394414
-969
2377303
795598
-4857
3605376

992901
3853458
1139654
549029
1999272
4366277
2273290
N/A
939701
4273422
-967
1689707
3428743
4595839
N/A
4756198
2008755

2365704
-3516
924418
1469861
3298630
1280620
1071762
2614485
1168801
2519409
2783643
4158771
2430805
4020131
4972793

2498847
2722585
4095622
N/A
4745945
2111337
1748346
-1377
3749718
2117529
3018071
1481620
2030765
1561364
1457783
4592446
709629
770213
3458831
4248681
4911071
1559863
-3745
2566286
1828825
4860171
3509454
N/A
827576


1250547
639943

2468073
3786865
1341770
N/A
1974158
3666857
-4983
-3516
-4095
4055261
4002848
3799130
4730888
634482

4498517
4684849
-316
2948009
-2993
1678719
N/A
3886012
4397361
1093231
3717673
-2820
N/A
3904767
2002185
N/A
4168372

4319260
2214062
4608207
3183161
-257
1366507
2356757
4224647
2399834
4481579
4541102
-4858
4848550
2580216
853450
1644896
3688464
2135229
4360385
4987504
1187306
662200
3144709
N/A
2741605
4477668
4529925
3808831
2537446

588528
1717933
3778047
886526
3574405
-2685
2781713
N/A
1944401
2161461
4633278
-4942
1625764

4569387
925158
1389824
2980327
3526085
3205133
4426250
N/A
3229517
3877492
3765295
3337675
1599701
2958493
3514506
-3696
1637548
2111632
1757642

4482461
3185347

2093424
1848888
1897106
3695726
4083677
3277796
4735623
2205318
1953628
4004718
3399597
2442902
598014
4309455
4441331
-542
3271177
2921809
4760664
1554796

2408061
4309097
-4794
4221856
4128843
4798573
3404444

4777376
2827793
3783932
2524151
4089971
-3309


-3343
2740150
2519703
3103080
2311323
4879259
2379920
1395152
4279017
3368825
3177153
-2962
1380503
1798531
1114886
2714804
925674
2898419
2481409
2469592
3263774
4270098
-1900
-3636
3673740
2536073
1425695
1543074
4784797
1208556
857289
2944523
N/A
3585601
2750185
-3259
2502783
985283
3039700
2430835
N/A
1002797
2726736

1759769
2218094
858589
2299153

620847
984635
4756626
2686413
4368218
1959531
680633

1293450
-3556
4877119
1249218
2198914
2973029
2882619
3153932
1070541
1619577
1697438
1720585
4693902
2607459
890821
4168538
4932145
3118387
3899781
3431433
3674149
-1238
4957021
4309944
1596276
1137243
4753356
N/A
1786055
3922951
891498
1705625
4490918
2527733
3772529
3120061
2825100
3343377
1283766
-4669
4261016
4637163
3850982
2312049
-1365
2186619
2236655
-3987
2583512
1151859
4041340
-497
1785890

3402012
3357887
4555468
1283883
990222
4544046
801423
3355717
3625279
1522351
1958246
1240108
1468838
2575200
N/A
757528
1615057

1416817
2910110
3923596
3456006
1610522
1112623
4494095
3605880
2237409

3817569
-4380
1884401
1789173


892079
4022844
3225425
2914900
1355274
1261955
833420

1809539
3942914
-4312
1820053
3146192
3160639
3378584
3722213
1061610
N/A
1407255
4666154
1130894
1822159
-2869
-667
4557979
-2950

2083983
2744828
4600148
1816803
-1709
-4688
N/A
3183951
3493420
1932997
4601418
565500
1948238

-296
4009785
-4166
3063223
3775474
3650756
4583440
1727853
-2065

-4263
3180359
4032469
4908791
2863402
692154
1635217
3126290
N/A
4918919
2184266
2145886
3466158
2391969
2327110
4990251
2185834
4061726
1374148
4924435
4381864
4202530
-3670
3414411
4702377
4923561
1772530
1043979
1020579
2215985
1168876
3802744
3300995
4975344
1495589
4812412
3444868
4338313
-2486
4017763
1359676
4018187
1448236
2519333
-3688
1039253
2100255
-4927
3538505
-4202
1198452
2853008
3999398
2509013
4299733
1991398
2409864
4915386
1735326
1852050
N/A
4687224

2350321
1164856
3310417
3529586
3834696
2864812
2389460
4839764
936381
3999969
1645805
2387748
1874799

2765553
2797899
1110775
1938536
2118138
1654535
1784864
1965759
4145757
3055932
1452783
2834237
3273706
2706801

4435426
740198
1304704
1959262
614176

3798484
-1940
N/A
3985956
-1760
4886201
2062546
2658703
3864507
-4873
2387780
3386969
4532184
N/A
4855805
2593412
1827497
3353148
-4386
3158086
N/A
966752
3569061
698811
N/A
3130073
2053225
1818323
-2754

3093243
4134862
3625996
-2650
3774176
-3766
3072387
-3632
-1396
-278
-3165
-426
633162
3329239
2016618
1701838
3695532
N/A

3134336
1377484
N/A
1490592
3865821

N/A
2892242
4365393
2169309
1974100
4780609
4204481
N/A
4223266
3899357
-4391
3128401
2295610
2570529
2882706
N/A
3810196
2322764
4322573
2141973
2035568
4801206
4754812
2352580
3677993

1273631
4301369
2224969
3033105
770780
2955337
772799
3347652
2702018
2622669
2418092
-4084
4183688
4698175
2189588
-1554
2891302
-3964
3762831
3587510
1772901
3065950
2313144
1150641
665947
3795869
4477640
4186163
4778467
4667791
2695545
506375
4019837
4672330
2706166
N/A
3493608
3390935
4754607
4179534
1309045
1364133
-997
2675526
2294576
4980734
787150
4285875
-2291
2165806
2289383
510001
-3931
2577141
4288204
1047284
1463981

1122845

-2264
4648626
797739

3484599
742566
3554119
2091976
3007233
2550329
741896
N/A
2452823
1953463
1727378
1383478
2184962
4640118
4987530
4474205
2437930

2756730
590287

1193201
631992
1101826
2630815
1584496
4754478
3674669
3089342
4030459
2451205
1544854
1068878
4578942
N/A
3995882
1559652
1526131
2950761
3601398
590599
N/A
-4676
2289910

1526624
2620607

4967112
2154858
2938095
4700638
1419778
3436546
2942249
-4168
1918864
4219803
4961358
2862598
2416961
645673
3836243
N/A
1598683
1301684
4719564
N/A
4132024
917410
944623
N/A
2554428
591111
4226229
-2156
1695875
-1987
2155476
2700739
-977
865519
1423455
3062240
1189073
4949816
2994586
1797508
3652128
N/A
3967936
1727801
N/A
3516472
4540703
3225830
1605917
1593755
N/A
2117626
-4597
2958555

2252964
1215227
4604781
3221223
1358675
4699315
2713208
3161041
1244664
4991106
4371001

3835249
3100693
2828406
1649329
1031175
3567919
-1905
N/A
1280853
1066664
1264878
3557028
3370903
-3681
2427004
3717520

-4332
3283390
3209546

3132543
1066313
1092053
994969
4172628
3011742
2047902
3721821
4431316
2396966
552617
N/A
1553883
2915066
1684157
3817813
3284104
3954258
1726094
541779
1118542
2822820
N/A
1086438
-3401
N/A
2798627
4953470
-678
4094398
3924126
3062863
3959721
895201
4575540
4127894
2332455
4163204
696221
2372972
1380131
3582604
2380349
N/A
1269399
1695578
4045342
N/A
1544488
1459579
N/A

2815940
844074
-1092
4455653
500465
3853214
4880576
4422603
2883038
519197
N/A
751775
4217111

1196457
4222905
878268
-3404
4362131
3647751
-2601
4742335
1333393
1611453
885468
2517083
4496827
1230085
-947
4405123
N/A
908308

3939449
2985648
4010307
4558187
1453756
504239
1027530
4901319
2304115
4073669
1540736
1079760
1168660
4151088
-3870
-2039
2832831
2780977
1500871
4093262
3303147
2918751
2791743
2338310
2527451
3181887
2563111
1476358
2480684
2369253
1420044
-2154
3178050

4021136
3466976
3002948
1787160
1067121
2335639
1058079
2718943
4769627
1221929
4986183
1511020
3898909
2314003
1177091
4628564
-3660
3173826
827463
1593339
518633
665951
1377666
2880786
2490818
2233914
3863767
3447632
2933032
3017833
3152696

3156296
3024066
2819242
1678529
1644326
1733867
3878871
1146873
1113580
4488076
4451885
-1476
N/A
3298927
-1632
3645143
2780356
2647826
4247224
2772126
4112632
1842129
4004688
N/A
3184929
2847765
4538224
3455370
3975273
1531533
4458323
1671310
4058827
1107532
1632602
N/A
3730373
2776383
1707225
3055049
1820499
-2243

4638268
654498
1253129
4073570
2914244
3237878
-1328
777179
3778674
4625611
2223890
2466462
1129537
2569042

-1385
4460843
2109869
3392265
4479160
2585145
2892565
1942109
1405625
3328245
3039087
2458532
2909602
1933510
3703855
1687811
4798518
4042352
4637534
4641735
1270611
3659755
4770174
2564611
1851250
4416395
2001604
4398644
-4847
1477121
1123665
848241
1324017
3045131

N/A
-541
1503125
N/A
4409231
3102845
N/A
1827614
3538399

3838690
3748013
4322775
3466195
1459428
3193935

3266384
4606456
2451632
1341847
1686822
4297657
4368658
3510081
3279330
-191
1591051
4310265
-2246
4935589
4247634
3248271
-532
1853842
4711206
1312878
4381596
4515271
1719573
1347219
4125751
N/A
4709794
N/A
3813540
N/A
N/A
1105087
2244130
2983617
664511
4510685
4363064
3015803
4182200
1909108
4794302
3181244
769159
3493420
-4028
-3713
3794835
554998
4627863
N/A
2141238
4388716
694564

1966401
3614896
3841006
1175482
N/A
-3534
590386
2295799
-1856
3107322
4721919
4562049
1794646
3787961

3101682
1805248
2215757
678907
1795078
4694655
1361829
567626
2966171
4422548
3032378
3218934
946867
3415548
2852016
4629145
1597478
2946040
3165412
3460042
1877313
1440028
1546845
N/A
-1810
4436335
1691029
3436722
2276675
2160061
N/A
-3258
2471625
2863176
1712230
1561037
-2338
2014870
4136017
2803238
3001735
3059823

3528197
3991662
2763175
-575
-4884
4720629
2822471
3436055
1049632
1999443
2915104
3701233
4596343
3435601
3480519
518555
2336238
-3505
N/A
645352
4033733
1552011
-3621
1778637
1752816
-1987
2920087
606672
3997955
2663433
3115457
-2287
4432176
2481061

4022161
4322612
4036436
-2512
2018005
4422573
3973817
4058878
3893260
3291564
2974963
999969
2642926
4739312
4932662
2187899

661988
3055719
N/A
N/A
N/A
4090185
1425944
-1779
3173541
3150414
3970995
902887
1753227
1324254
3492117
610739
2250419
4455687
651013
2398505
4213261
4655728
3464399
3539331
2754098
-3977
3378184
1127296
2742411
N/A
4786206
N/A
2507778
2412282
3241981
N/A
2435250
-3604
-4569
4285353
1229364
4326091
1746036
N/A
4650212
606553
3179399
4734978
3307611
2133878
3666590
1607455
1893289
559859
2033772
1407856
856091
4010801
2115466
4483259
1625337
3408957
2543955
1386609
3101661
4900914
N/A
4839833
4887494

3408163
3742458
3838288
N/A
3878619
-2664
1697574
2841290
2840797
2121617
753041
3551953
2750575
4251013
2841439
3691087
2971572
4032875
3083511

2860227
3384053

3511846
3571504
4554911
N/A
-1492
1722770
1367690
4192376
2995893
2224155
-4470
4281236
-2555
2887920
4118378
-799
1319647
582138
4858109
1511173
-4367
4239192
1857706
3894281

3414234
4574395
4896859
-3503
-2930
1573003
4944598
880917
-827
2423365
1915481
2281468
4774006
513210
4533127
3271621
2536454
3570674

4226286
2841634
-1763
3035966
645056
3454587
4466469
4269234
3432611
584226

2712686
-245
1039182
4690642
2821854
1209956
2919634
3942907
750681
864534
1974477
4124896
992276
N/A
2418678
2833784

1330333
4916465
3940726
4505614
2488012
4144790
1773796
2474475
1248477
N/A
3277231
N/A
4948824
-4331
2598245
1817492
1648599
2162217
1994477
539027
1924408
1663720
-800
1829620
3662596
3010522
4434071
3003012
3408467
-2558
4266859

1132454
2743839
2744073
3685085
2301369
4693628
2162922
2699810
1719084
4864499
-541
3030604
-187
4545031
4853281
4869785
1434196
1652503
4317693
2580955
1873298
2951195
2674004
3268560
4583222
2486202
584407

4543798
2328472
4986608
-1882
-1242
-3844
1938068
3955365
4474399
4216699
2007062
503303
733635
-4522
N/A
1151508
1023047
2771401
1401690
3111326
4644645
3923638
4876277
4533863
1657622
4681456
4193248
3921319
N/A
-2819
2842919
4776283
1371148
1415018
751738
2851004
2145995
3459781
-4455
-4377
2732381
3401753
4704534
-389
N/A
4627872
3121771
N/A
N/A
-2403
4279969
3184501
2253678
4123726
1979213
-699

578256
-2027
930893
-1557
2795447
1924576
N/A
2355506
3084468
-4814
1448653
2437001
-2614

3558632
4473576
4261875
4664750
3719155
1778543
2944501

4173378
1094860
N/A
4857196
1066083
1132812
582198
1262127
3272875
3769160
3644106
4584568
4673958
1365260

3291522
3011865
2713045
4709188
N/A
4359237

1018412
N/A
3819138
1279215
N/A
4486472
3681219
3046766
-1915
1625059
-4640
-1717
3032911
4012865
779231
2858117
N/A
574333
1820072
3015193
4577244
3824945
2597673
1926437
N/A
N/A
-4086
2069903
3742172
-3857
3060839
927907
1657830
-600
4334335
911913

4800679

1927077
3604908
2924381
1270070
4554112
2803436
-672
3988577
1167580
746693
1864438
4747002
3750904
2880252
1172783
2105735
3755377
4776914
3712505
2547229
2457792

911046
1711013
4382660
4663714
985444
2053547
4530594
4401768
3361566
4305204
2502243
4524693
-4922
3439613
-3900
1146834
N/A
2070682
4315547
1477248
4121559
3095122
2458307
3896148
3769966
-3820
1752973
1103209
4796063
3349174

2320106
2095389
3316835
1145382
2529794
519835


1261013
-585

4936447
2793769
973910
3790118
1450833
4746938
2498393
-3098
650918
1735257
-4499
598131
4467635
2056537
2102040
910720
N/A
4004282

1429986
3163370
2234481
3813797
2008932
2746374
N/A
1957785
1244307
4180486
3467643
4159716
3557259

4111850
1712796
3219468
4136792
4005448
-3826
N/A
736677
2084815
3640313
1282460
-278
2940481
3851371
2152264
2670292
4916838
1165892
N/A
1244760
968831
1393049
558160
2059184
4475352
2613517
-1545
2053217
3909864
3350801
4779214
2041289
4835168
1761730
3407011
954317
2463963
3741886
1546847
-1871
733776
3596259
1601516
612682
4346642
N/A
N/A
927986
3531264
3341032
2959764
1393388
1963257
4646917
3568562
1819033
3909566
638252
4962963
4286019

3141123
4776888
4985157
3740903
3497869
4577644
2035025
3072035
N/A
2378126
3357132
4976666
2809058
2679641
2150332

1540179
1716053
N/A
3924811
3034487
2616915
1673627
3905172
3784103
550290
-4563
4001082
2954509
-2861
989659
-851
3862704
4648326
3736748
-1732
3545482
2999912
3503738
N/A
2826544
N/A
3997261
1724738
-4044
2526384
3235707
N/A
4844297
-1723
3017747
1243214
2155960
2527425
4535530
2065377
3484886
4759059
2119608
-2318
3752669
1175338
4229470
1185996
3204709
1713489
1439104
630364
3956288

2759213
3520365

3986073
1375053
2155711
3254515
4480837
2846803
585790
3744559
3040364

3019924
998026
4240610
3449431
1932836
2843047
2565929
3748258
3668400
N/A
1816141

2175547
2881398

583201
1177678
1175948
683410
3259338
-3398
N/A
2791041
2045676
3780161
998392
1672604
4905346
2893444
2753274
2357397
1855596
4985747
-2242
-1977
4277951
2755783
1316648
1059192
1156577
1863362

2489459
-1312
N/A
1673606
3939624
4821797


3048904
1268521
4268811
3558100
3017420
2103459
1116057
3850922
3501976
3423406
2234038
776074

2112823
2979137
-1049
3697162
4555849
-829
2164173
2267843
3572700
1245354
1874713
4577875
1044359

3985944
4741015
4695600
1281462
4374044
4471533
638652

3887817
3711798
3414593
3131762
-1376
3968629
4318850
2216369
844518
744151

4884542
3346932
4206626
3885907
4982835
597481
1367677
N/A
-2409
2286370
2755995
-2492
2827505
4504937
4793137
1751208
1008177
1590622
3306213
3793856
4429049
N/A
3383118
2657643
4492098
1987460
3317095
4011907
4276947
4739913
2230990
1597587
3089598
-927
2753432
3324216


2049937
1697035
4121154
3644588
546610
4474607
4221835
3480637
N/A
863384
4656957
N/A
4217029
3021954
4440012
-4774
3643843
N/A

2498993
-2904
4750769
4916614
3681536
2960267
2498349
3689903
4851420
2634220
-1148
3557555
2750878
2147348
N/A
N/A
4361353
4092364
-1775
2901122
3870128
3379210
3209490
1155761
1323811
1991672
2220328
2811392
1118391
3773544
3787562
3687121
1588911

4266731
-1568
4790809
1159429
4438659
3111836
726623
-3239
4546890
3115523
2387996
3084192
-1150
1362315
N/A
3207011
1828796
-1349
3840305
2823175
-971

3805155
3721417
3586875
N/A
4490387
1760565

2514421
3696203
927676
1577228
4462322

2940844
749616
4357302
4149061
1845001
3331335
-956
3375367
4351296
1927622
4136672
4454508
541646
-4872
3704064
3438927
3602883
863408
4886422
1845230
2896747
663317
889077
2087172
2619663

3108295
4421768
2024622
-2780
2013785
3466293
3909496
3121322
2611300
2562699
2235595
4017802
681795
2444729
2074313

1658751
3791774
2740314
3508657
2254942
1487886
1524320
4357421
502663
776196
4735808
4859588
2271004
2031016
1853447
N/A

N/A
2112769
4940884
1185427
3668994
-4877
N/A
1861711
2769656
773551
4412909
1727317
-1384
-3032
1387190
2247580
3439186
N/A
3812525
2409465
1128727
-533
742844
2603090
2015719
592122
3407762
3641155
2183833
2941634
-4986
640137
3021241

-1518
1449624
2077765

2849186
-2793
3921851
986377
4835140
3459425
N/A
1755080
2705705
3641206
1598788
2893302
4330976
4626690
4392741
2928862
4183285

1766637
N/A
4756636
851381
1170628
2386175
1359794
4247230
4279975
-289
-994
3188020
1862684
N/A
522736
-397
4492750
4540056
3315254
3297420
2866009
2167036
2671026
4120267
-3858
2855127
1703896
-291
N/A
-2213
1464750
1981353
N/A
1356699
3188499
1879472
N/A
2393203
2211702
4549492

2771607
564024
3967743
3054591
3429288
4686258
3266677
1966974
951938
1479881
868240
3424469
4810651
3050071
4700168
2283408
986725
3542135
1638669
3628989
1209487
3340134
3492521
1287458
997515
3932651
4756262
-3552
1584323
4129467
4597432
513307
1294570
3599843
1772495
3918034
1532287
2142347
500615
2581804
-335
2718987
2344612
1322735
4850057
2371577
2230327
3657751
3508513
1363717
870116
-3278
2991216
3969214
3967769
1833314
N/A
4245609
1740284
1409937
3384805
852186
N/A
N/A
500706
4136449
3928017
3113280
669669
1141409
1578800
4649787
-3452
1961936
-3882
-335
N/A
1577228
-2262
2422308
3635618
4353882
4109889
-3722
3894165
676274
2683493
3161355
N/A
3582221
3293727
4951411
1074953
1443196
2516212
1464154
-760
4409758
2600358
N/A
3165884
3496560
4559896
1811890
3112634
2180020
1071507
3303871
2155705
2195450

1461130
N/A
3359227
2518735
868557
N/A

4995087
N/A
-4049
3337753
3941436
3252984
527913
553883
4528855

3325169
1000917
840678
3582537
3771781
909107
1121238
3764612
1245460
3826556
995926
-766
953272
1286552
-3428
3624449
4979697
1371313
1612099
N/A
1710329
1710843
2697441
-3322
1606014
2300600
3539665
1578205

1293618
1086245
600693
4189469
669149
1117948
1711350
1853311
977856
4675797
2617444
612393
2348801
1695500
4518447
3489148
4554752
3535502
1739430
-1409
-4505
3657167
4684134
4608496
769270

N/A
-876
2938176
2426948
2925095
-3728
2789708
519722
2251560
580933
3965105
-3328

4434519
N/A
1690705
2924558
4171319
3932337
4412469
2428879
-678
4164489
3166183
2944246
-4943
1270131
1148054
3075721
3166558
1782582
-3377
559594
-2771
2271908
1384899
816160

3058674
1251422
942745
N/A
1051641
2249939
3130287
1503864
-3747
796742
598698
N/A
3569359
4936011
4006429
3841391
N/A
2853365
4637884
4009677
3804941
959454
4553987
-3455
4190059
2669435
-2342

3022743
3969271
N/A
2094189
3385856
4060929
2655712
1553621
1008960
3653646
4158753
3905321
3209021
1135871
2518070
1423583
1186382
1325809
2210812
3077010
-3080
3403719
N/A
-2253
3920211
1652794
3509194
4458402
1868348
3161316
3658350
-783
3794654
595827
2151821
N/A
785692
3567859
1386380
2365151
-2085
1218644
2363120
825679
595319
4314461
2028192
-1925
2613802
3362252
3428681
1543986
4937075
1940518
-2621
2867681

4720902
2705638
2604942
4313799
2555385
-247
976067
1437976
N/A
1604761
2777498
N/A
706762
1315850

918136
1827906
1748958

656590
1849150
1304149
688799
1436910
1240744
951091
4973991
-1832
4227946
1576196
3721898
877419
3309810
4697021
4027373
657574
4009776
3876252
4944782
1758346
984499
-2090
4133309
2740045
4854764

3415293
1852796
3152480
3817958
4859335
1712603
574039
N/A
2454691
3170819
2160110
3100934
3857464
3858030
1918631
1309033
3980814
3040030
3837058
3499442
4908869
2665723
4121000
3904706
1852589
1070846
2225637
N/A
1927766
813479
N/A
689297
4346015
-4607
3194163


2796499
1799148
4502276
761455
3743658
-3023
3254126
2022956

4691713
547194
4422806
3338187
-2879
-4659
-4881

4122629
2378841
3049703
1211291
1312642

2741595
N/A
3541486
4129757
1510799
4717500
3022875
3372599
3427994
2977941
4539446
4302418
1750566
2506787
N/A
1865023
2840327
2962466
3059882
3886968
4946156
1206699
2687743
N/A
-690
-4008
1358934
1968294
4279542
4600422
2428764
3721432
N/A
4780726
1630991
2500354
3865464
-2307
3339566
1048986
N/A
2846662
2502601
4911617
4131998
-3753
3077510
4585120
4738121
1597409
4870801
1408142
2603313
1814124
899202
3321225
3770389
1663497
1232405
1148433
1683194
841665
2388783
-4158

3137319
2341281
4163939
2638755

2017918
3158382
4951018
3835309
4152565
4346511
-3864

3801289
1099773
2792789
1494410
N/A
2504190
1943848
544612
4012635
4461142
2339413
592010
4872717
-4233
3603018
-3766
1280215
4274399
4886233
2312118

4594405
4827437
2126052
2920246
3947919
2129000
1425781
1973637
-4583
3392987
4316715
-2384
744344
3461746
3373486
2296339
743904
4385275
3947376
2167308
1254608
-4442
3026082

-1386
4845840
3089032
1932600
3406330
1662470
509933
-695
1499989
1131208
4398281
2525520
4348196
1504321
1774758
1664952
3200416
2194629
2119082
758077
4940050
1469146
2958709
4292643
3512528
1075914
2934975
4445310
4140507

-1689
2447618
1227434
947914
1906214
2274668
4065613
811493
3191988
2477820
3455415
2239689
4143826
743571
557354
3102670
3177091
2006433
2603453
3126016
3704615
1856098
2775222
2892293
4540050
3346861
4378902
N/A
3082633
2429294
-2907
1564764
1010160
3223307
-2610
4511913
3761490
4741623
4957106
735817
2290256
539257
2922467
1526027
663001
-3510
3542917
4461967
2391439
4925237
1794205
1750781
2115156
4562703
755117
N/A

3703534
3419347
618971
3889472
1283197
3015693
2403722
3929302
2665030
-3365
4830902

1350379
1193225
1532485
3258335
2063335
1386458
3327003
-3548

4298456
3203933
1444484
3905305
2088683
4649402
N/A

2548899
3401872
-2541
2521896
2685956
4192009
4336796
-1488
1262227
4902808
3801450
N/A
-1466
3654349
890756
525748
2715907
905252
2993069
1427358
-4298
N/A
4247809
2015286
1328702
-4781
3993753
2958054
2099964
3770464
1458086
2760571
4846185
1895420
3513972
4608131
-4581
4302496

3689009
-3556
N/A
4330293
2131052
-3766
2033887
2140847
3424101
3496952
2803777
-2576
2658699
3610964
3857578
576813
4358038
2972030
2506336
1738795
4302868
2062715
3582390
3693990
2126677
1288931
815470
1601413
2300257
2633800
N/A
1118745
4929036
-1213
1360285

2198787
1363685
4446149
4725754
2562297
2458729
2265449
4829409
4189106
2856928
1897471
3527285
2250696
4166020
2258645
1594137
1407197

2914690
-1498
4242471
1786525
875583
-4430
-4441
N/A
N/A
-2459
3013324
845169
4853050
2474885
1176334
805420
4479732
1235993
4408536

4631650
3405560
-1753
1225361
3748019
1967055
4463569
2065144
-1636
2082575

-1359
1605512
4893122

3565029
1888474
4919314
3416238
2579701
4202485
1055495
4096507
-966
4236320
527435
727859
4782672
4372207
3896306

565685
1777156
2270382
1513955
3581716
1732149
3381467
2051653
3356851
3021701
3597957
1234804
2271031
1415865
3557701
4063347
1485949
-918
-500
3157729
1633634
2873524
N/A
1626913

847177
848054
2195913
4592165
2380938
1562360
4145419
-730
4213935
3694929
N/A
4812744
3631850
573178

1967429
-3113
1792302
1651892
4035844
3860876
535879
-740
716769
N/A
4270908
4214656
1346649
1977255
1334560
2363954
1583908
4573652
-428

1084272
3124002
1457840
3617645
1819344
572472
3692650
3856574
-591
1557339
-3068
-4975
3486135
-641
1901992
-1465
848462
996044
2166858

N/A
-2908
1819072
4686576
N/A
684916
1497543
-4241
920228
524750

666210
4592954
3227325
1035532
N/A
N/A
809934
2172990
3933334
1623707
2986194
522571
4481159
3000822
2206017
4881127
2048314

2525324
3220891
N/A
4952993
2207334
4297464

3260579
1318831
2078947
4655151
-3278
4847206
4956788
2549495
3893785
4818375
2881817
2237766
3874758

4362543
2663633
4455831
3652158
1527769
-2849
3532998
4330940
3228081
3914432
3612612

1730297
677340
2294039
4633903
-1628
763764
1760108
3222685
-4009
1589561

774855
3436698
4027422
1777180
-4102
1315701
4692695
4343492
2641342
N/A
2883947
1499589
3541364
2786189
2582252
3559535
2411693
3900579
2201069
4288625
915996
N/A
2970377
N/A
3050291
1218838
921678
3667112
3684920
3738090
3997724
4112461
N/A
4396996
2902687
-4182
-3966
4006198
860744
3870010
2402764
1146446
4920417
4514855
3326395
N/A
1727955
N/A

N/A
2798201
1190355
4334298
3932982
565430
4792685
3806649
4507364
2849047
2308017
3007988
-4736
4252863
2400857
-4662
2392679
668371
2056284
1312450

-1314
4104031
4608654
4003312
2535793
-4366
2633900
2734072
2496986
4587771
-2598
3544271
4572022
2725311
3756227
538247
4233826
4573906
4812160
3281641
1855427
2619904

2275516
4360702
N/A
731446
1086657
N/A
1293555
3863273
4672543
2165070
4621131
3527279
1515641
1613918
2175713
3397999
3299097
1574445
N/A
2161504

3714018
4484032
1858849
4253875
-993
-1081
860712
694080
2723622
4328597
4083204
4018529
3054547
2947136
3929173
3145010
3397640
2147469
3275098
N/A
N/A
1066008
2523369
-1813
1087993
-3329
1972658
1216773
814650
1834625
752704
4717974
2903820
-2691
3502375

3631277

1299602
2707635
2863977
1775803
4230245
3453294
3491908
792995
1464114
3992904
3645871
532136
-3974
2450220
703962
3553073
-2941
N/A
1007390
-3169
2551601
4202214
1194910
3713761
1120353
-1235
-3988

3287555
-4192
3273659
1199441
1981143

1006001
1847488
4165347

3427664
2720462
2989013
520693
N/A
1010291
2715782
4911332
4869991
-4653
3915823
1718125
3114892
2984940
4823772
3696095
1722603
N/A
2274533
4479884
3910230
-1455
N/A
-1357
2342921
3788401
N/A
1754598
-1812
2013981
2465882
2943153
4792317
4190073
4384022
1104425
550409
4900240
-2090
2681239

3428819
2568185
-722
4528513
2814833
N/A
2334568
988990
-3920
3090059
3472584
-1082
-1726
2974880
994027
508685
N/A
4234548
725718
-878
4671222
3589223
3759005
3544217
2950196
1271044
3830527
3719025
-2614
2378617
2591183
4378465
1204430

3016691
1560644
-3283
1809119
976609
4828670
2990038
3317968
-2503

-639
-3210
2103853
4529338
2240950
3756355
4571952
4042697
-342
2667014
3834009
3379536
2956957
1179491

3545986
3230092
1323442
-2110

3051753
2998082
-2057
4993792

-4410

N/A
N/A
1495760
-3473

1251149
2317903
1925349
654270
2178390
4433276
2867537
4757859
-195
1773693
4039067
3886867
1314350
3068978
4672011
839928


3306944
974906
3349190
3422931
3558229
-2439
2087957
1410454
-418
3924132
3647104
3471688
1129609
1531112
2144727
4601255
4925921
-124
-4797

1805720
1419544
4001904
3638650
1216816
725767
-4948
3156475
941167
4969623
3507773
1088966
3740545
997803
N/A
2075669
2786401
1728403
N/A
4779300
2007289
-4339
4953280
1514948
829857
N/A
1359820
-1471
3841986
3525303
-1524
4559020
2659207
2332126
3451456
3097331

1486380
4806578
1471929
1221033
1640626
-4051
4042740
824545
1966117
3614969
3480875
-969
2367487
-2822
2781589

N/A
2824089
4327769
759273
1414193
2965481
2427738
2868747
1922569
4091169
4011733
3614320
N/A
4855259
4128793
2279534

-1562
1406149
724599
1429363
780168
3269705
4687750
-413
-1784
2491944
1664602
2657957
3604452
N/A
819376
4687778
1177321
934631

4900989
-2692
1279720
4982601
2103564
4987174
4155179
2170174
692859
1168363
3704601
4402544
2142686
1204077
2086791
-3272
1721234
4402167


637755
-1068
2003466
884024
2969270
-1527
-825
1883240
2407297
1860074
-828
2795890
546994
4508937
1686995
1092303
4364815
3323469
3582078
4573814
1978659
552714
1001375
2673960
4305129
3857754
-3105
4622479

3682254
3272752
3005274
624265
3137259
4457821
2500248
4704078
3382000
4520630
3662334
4727293
676180
1666507

-2201
627390
2541810
911646
4992453
4204389
2261696
-3555
1062252
2008067
1816271
1214418
-3306
1273176
-4750
978558
3813133
527637
2233272
825307
1280866
3344519
4537079
4712828
719450
1229065
3704676
4156394
2584034
-3750
3387193
2994327
741975
739628
4775369
-1436
1873839
3364723
1290739
4375848
837625
2378796
3275315
2039193
4683343
3408871
3460704
2949506
2817474
4984768
878706
4271701
1622799
1723686
4383917
2536319
1645815

-2796
-974
4873166
N/A
1613202
4394390
3036592
1048862
4708843
3975707
2668241
2374435
2002451
4626957
3127934
995090
N/A
1091587
4428157
N/A
-4367
3919472
-505
913041
4126643
2709897
4688064

-3072
774117
1970553
N/A
4646613
1560485
1717692
3103979

3961990
4438244
2360036
-4811
569008
767874
2862983
4478758
2544853
4136602
907322
1247612
-462
2061730
1974126
4268198
3110020
3847155
4102386
N/A
-1176

1401023

1651480
N/A
4697271
4359501
N/A
4020804
3110652
934293
2427222
626045
4769383
-1513
2568192
1280602

-4184
2804441
3015117
3853702

N/A
3535991
1260938
2137399
512115
-2487
1879529
-739
3734639
3948806
-2363
-4324
3657193
4367910

3740641
503322
3699428

3027944

4213374
3199086
4633672
4797548
1521178
4889332
674643
3313782
4031389
630436
1064662
4661154
781403

4261755
922777
1669928

1721847
1705683

1346990
2063981
1143358
3043328
N/A
4591556

555648
1801556
4675152
-1040
1762227
N/A
2252247
-4153
2103267
1372673
2013450
1239302
2068840

1130893
969894
-627
1942702
951484
1720999
3372185
2246822
1879284
1854212
1591605
801670
2615852
3028133
2840115
1893389
N/A
1441685
1024848
4952361
1430021
4945992
837134
2448738
3525705
1793908
1264597
4241009
4083847
2883187
4435756
2835964
3821897
1984738
2024038
3409421
3741406
2825382
2816348
-652
879393
1662258
1286321
1382925
4062377
2515206
-1261
2207716
1647255
3452306
-4587
1683034
3020586
4293961
4523813
3403046

2425187
958429
4870156

4270199
2172948
3200848
1807540
4936587
500704
-212
4654997
4171895
4437006
4309734
2428601
2432311
-2950
3956253
4490664
3823189
3889422
-244
933554
2822963
-3269
1983654
N/A
1688527
3341377
4515910
-3810
3349288
842792
2847029
2606451
1618768

1230841
2819245
1945335
-1108
4272829
1289441
2473885
N/A
1163513
1729208
1636836
3110654
4116928
1183334
3362243
2180687
3694423
2689287
4146981
-3114
4525585
3722302
4376595
1538055
N/A
-662
3723481
1388719
3795350
4562530
4912533
3578444
1110875
3123608
2790707
708360
2248834
-4733
2884170
4139157
2110236

-2435
1258363
4450958
2051266
1091207
3029998
N/A
2665970
3091968
2256945
-631
4336875
3774517
4512919

1520843
4624634
2822681
3836081
-4098

-3689
-145
800752
1985498
2946003
N/A
2907386
-2071
1419073
1502658
2943099
3667804
4947799
3089509
559195
1082301
4901298
4624005
3786980
581007
2539055
984542
1469421
2535241
1750359
4614524
4091072
4543203
1923440
4532751
2969184

3305723
4248012
4255380
4182358
3615473
2571988
530654
-3752
2764108
3369381
3637081

1181283
4934978
-2189
4759015
-123
2177888
1164678
3471542
4109450
1987532
N/A
1019761
3011753
-3691
-1274
3380158
2514378
660832
4265660
1063465
3133934
1724728
691594
1256014
1898770
4008567
N/A
1170063
4498831
-3147
4300312
627547
3059760
3991484
4969087
2288775
3369490
567793
4385250
3325999

590491
3607468
-2415
2507639
4940518
1480396
2868144
1644234
911798
-1135
2371706
3823780
1052614
-779
N/A
728718
4032065
3673577
3366324
-332
4683931
2410784
1472210
3128483
2390497
2499742
2557385
1844131
3621983
3996863
1689181

1959197
625847
2104152
1806137
4251619
-2540
-3086
2094040
-1495
-1098
1653690
N/A
4678608
4917806
3771773
1589698
856160
1227888
3921487
2052098
N/A
3585227
-4777
4922404
846281
3858356
-1163
4929757
3315638
1125069

3161672
2255815
1805760
955177
1889509
1714474
1141916
4178564
-3529
3376808
4511648
791475
1876645
3840444
3688461
-2091
4704487
3224002
4770739
1959940
3400553
1044045
2948443
2411507
1298799
3972479
N/A
4470099
N/A
3100931
2022874
-4074
1767821
1547077

4159040
1765299
4622952

2908402
4348008
3623393
1956613
1275022
2246670
4511900

-2225
2593460
N/A
-3335
2274742
4252980
-4850
4699541
4059211
4461429
4193854
4551292
-1259
3453579
3147506
2130508
4650055
3981090
-585
N/A
-955
989792
2344955
2885020
1531815
2986197


1134142
3806349
502823
2739633
1734888
-392
3391412
4318436
-3747
4674744
4557526
4561093

3754805
4388242
2538901

3535956
3284350
-4403
1219556
-4237
2313213
-1120
-3761
4209745
944125
3029890
4990292
2218814
-2361
-3776
2324199
4173608
4787256
-1452
3861421
2706045
1908701
3237714
3201079
645603
4380028
3741192
532315
3174706
-435
4330207

N/A
-4710
1371711
1417842
1930820
4031466
4482982

3798161
4887823
-4518
2353338
3893478
3853141
-804
2497544
-4346
2386594
N/A
3024866

2612048
724104
2163643
-4935
4720813
-4474
-706
3925622

-3375
3870544
3261519
2485060
4143294
654894
-4576
2317426
620967
4937276
-3633
4881790
4687921
929220
4948050
4063934
N/A
523602
2823118
2704198
2515361
3828825
-664
1270975
3268317
2737424
3775283
4627891
3946611
677876
-3176
1844114
668395
2582512
4224443
4377249
2901307
4012834
4580342

-2177
4773565
1916606
4593961
4954052
-3428
-2686
3046691
1027759
4048451
1088820

4739566


-3831
4947074
4031285
974472
4651501
2793386
-1805
4368311
618989
2920405
1407581
656958
4966752
2802965
3980112
4666075

1115290
1426106
2159333

3767350
4572380
4130767
N/A
-1775
4733329
1937232
2050195
4990416
4897095
3814685
3929835
2985013
4076518
3979428
4015859
N/A
1673423
1638442
-1436
4618894
3799398
1374454
2740742
2310830
-2797
643200
-1628
1487676
1237344
4200668
729763
1481346
-2948
4822380
4672033
4740710
-2755
578214
2065150
3811548
N/A
2450334
4215172
4819090
4409740
2069608
4116114
1196864
2996183
2595780
1503879
1244982
2858738
N/A
3523360
3720037

724360
3733767
4567278
2937190
4625451
1165348

4513474
513299
4105411
2026234
1188032
3229595
3200156
1865588
N/A
4271295
4572309
-1947
2197100
1790034
-4996
1058160
1326210


4457293
2096310
1550663
1665291
4958269
558710
2717965
-708
N/A
1861961
1856233
3455103

2013698
786181
3713161

3701713
4798156
2354082
N/A
3301352
4997670

3877238
3299559
4846054

949265
1814288
1247365
-4805
2921379
-145
1109956
4759347
3112053
4221348
1452353
3673625
657815
626762
-4697
2909681
3107468
2992702
3860542
1033662
1283479
1923118
2735968
1558012
2106314
3028721
1421176
4624977
2907063
3843743
1939240
-2819
N/A
678446
-1581
1932245
1088806
1911250
4614176
717502
2134577
3311693
1522329
2626455
703326
-4337
N/A
2568045
4297120
-3039
-2050
N/A
4534208
1985344
2838998

N/A
3099402
4067228
3008065
-3096
2764227
4301995
1408327
4825869
3552281
1375047
4654940
2741449
2238592
4574290
1998480
4917184
3619659

2264356
3850648
704438
4233876
-3911

3826257
847066
-989
2998579
3251807
4463188
4814400
-161
4835870
836731
3347544
4211013
3374112
3053125
4634803
1319236
N/A
3958841
2330317
3138363
1120727
2848046
3669551
2523919
3992305

2258407
-4915
2717785
4641293
3618126
1605684
-4087
3074582
4721477
1502506
1958306
1925352
1468939
4423715
3028381
4604032
N/A

2699188
2651937
1632285
-209
2109561
679472
1185514
2986348
-3342
4279323
687007
1496356

1207005
-2053
4244900
3576471
4602967
4052314
3881358
1332093
749026

-1212
1930476
4280495
2374327
1570784
2056809
3796319
2300300
519982
2726269
N/A
3916432
1205431
897478
1333783
-792
3867992
993843
2652969
2853308
4554126
4931540
1967317
N/A
1552042
909453
4229585
-546
4940732
3670578
3354534
3710960
3592432
4245546
3396029
4560898
3852403
947794

4614864

4843204
-4276
3168492
1415687
3964934
2027070
2247364
1393797
2638078
3015952
835508
2135876
1404081
587985
4428986
2010695
951251
1305447
2400950
1050174
1873012
984610
3496170
N/A
640775
3480061
4161941
2465227
2591300
4142794
2140748
3260188
3769214
1120714
1304893
654548
N/A
1203683
1710051
4930896
4380895
2241298
1422658
4788546
972468
4155283
3988340
-1451
2284665
1859547
4146178
1999050
1100046
3296307
1349836
N/A
N/A
3024530
3108243
4613571
3618983
4352039
4635117
4461103
1122963
1313902
2700110
4344373
3137237
4040263
1174896
4006742
1778015
1039696
3473734
3680989
1576397
2296575
1823271
N/A
3148013
N/A
-226
3770495
4126401
3751566
4547995
3914688
889422
1769303
4541969
4395368
2016709
4181176
3569755
1783504
3602897
1180045
1244865
4490720

3973418
4995351
3557224
1449757
2896362
2357245
-925
1133491
1711231
3816607
2104902
4891032
-1980
4381315
2619070
2954207
1118235
2275915


4584691
3141521
2813234
4853638
2726148
1508623
764613
2273656
1164968
2033938
2467346
3081674
4554400
2543661
4851592
1766167
-4913
1766709

4815862
2139653
2442164
4197042
1554031
1975451
2575513
2836910
3602822
1929175
3509413
1272680
1819655
593703
-4355
3499481
946070

3880767
4680901
821057
-4399
-3201
2103653
1885773
1920583
N/A
4923583
3478546
2595266
740705
1200436
4257877
677227
N/A
2334699
3969588
2862054
4783691
1625235
3949747
1609034
4902716
1496578
1928960
-3242
-4703
3207668
4877760
4703709
2532640
4543527
2184693
3973058
-1386
4101588
N/A
2254193
3146992
4487204
4085276
-1765
4180389
4680422
1425156
4065170
3675906
3415049
1736408
1703094
4948979
723402
-3091
3323582
1011979


-1946
556182
N/A
2768057
2747482
3423346
2058202
1072982
2216950
2159448
4018429
2591274
3514107
-1047
3654242
3087599
N/A
3573779
4139486
3232684

2542059
2536999
2216885
646384
-1243
4149781
1187720
2994073
3466142
3307914
1680210
1982780
4268861
2468793
1340423

2364810
1342008
544994
2411914
3060205
2443365
4966837
4215934
-1539
1597000
1605275

-323
3305755
638384
1583823
913744
4857935
N/A
4922102
708489
1343278
741187
4676327
768536
N/A
-1073
-4620
3045924
2974907



-868
2849339
3002302
1907506
4402623
3887270
4721941
3666922
2521630
-2003
1651604
3660970
4756560
3547900
3761648
2473895
1406968
1615093
N/A
3296954
3218841
2999190
3215987
656604
557528
3365504
637432
1100886
3706682
-3905
2075942
-4960
N/A
1347130
2982207
1311891
-2509
2911356
4293630
-1258
4037947
912722
1638086
1599263
3549759
1962574
-738
-262
2112916
-2436
N/A
-262
4545492
686759
3961405
4144633
4662188
4435306
3939100
4298915
3457223
2814133
4110092
501441
2698499
N/A

768833
3921962
2626667
3516346
4762868
1364136
646814
3002094
1786483
1440760
N/A
1283316
N/A
-2658
1773490
3072642
730355
3763560
2932363
-1971
4647210
4710421
3445747
N/A
800984
2615665
1934936
3011389
-763
-3756
4359132
968171
1506605
N/A
N/A
4917882
1465697
-4859
4717557
3443844
4346854
3438110

2539885
3461041
3741811
4887863
2058160
2191309
4593113
-1515
2495740
-1376
2410464
4779225
751188

767620
3213403
1437113

1096515
2477785
2711493
3136899
2381455

717681
3859275
-2616
4763942
1363734
N/A
2234589
-639
4808004
602408
N/A
3014393
4909769
2957039
2760494
4974525
1352909

3044931
2844875
1842912
-3707

-550
1639478
4322287
4834644
2521884
-771
754893
3662523

2651706
2053572
4793105
794062
887716
-3447
-4461
1977448
4538269
1870996
4681083
2028446
2009933

3062246
4149182
1894472
3951255
2039733
2381710
1266021
923445
3613368
2588310
3358316
1222421
2174402
N/A
1955734
1975766
1642073
-3008
2534593
4789069
1397573
1940643
1298990
693440
3031696
980846
979953
2850398
2751590
N/A

1352006
2926658
1680763
4106214
3178852
2930036
1821744
4837513
1270376
2294982
1111814
4760393
4263708
2147802
4657751
-832
3654713
2076705
3069177
2848894
2026522
2074628
772096
4973094
2005526
-3624

-1175
-3708
4813105
2649035
2805098
1858828
N/A
4029954
2590307
2806286
3524332
1579014
2049812


3609072
3753679
2110710
2058645
3070889
767427

3173538
4833856
2625437
4973770
4019049
3660101
4673220
N/A

2586316
-1300
2638921
2078407

N/A
3016850
1580580
3414911
3783894
3244395
4342049
1473730
N/A
1159810

3833222
-381
-3324
2931294
4366491
3906956
4367903
3758204
677321
2143479
2655090
2499704
4980644
1334951
2728872
4623927

3223026
4042472
2696227

2431465
2409971
4960523
4587533
2012903
2838182
4375104
1815545
828968
-3349
2972557
2565739
-2344
1428154
832210
1838240
1448828
N/A
936140
729618
3357054
1956659
3011162
931235
2770694
3781733
1246105
1004898
-2393

1875366
3234714


3834160
1360203
4726683
1639740
1208674
3939073
4634285
3312886
1500693
1418143
883441
4132515
2177383
-3288
4791661
3644745
1319658
894599
2600837
3581285
4272019
4446774
1175196
3804095
3881174
2519099
2181476
3348970
3195882
3170629
1357880
2035042
1660870
2183660
4664708
3486688
3230152
1616787
4100087
4799618
-3788
2757427
1792262
1948295
4816382
3830556
4846810
1786161
4446225
550951
2166567
3119887
-4667
1219378
3468990
4399648

-1873

1501226
3741285
N/A
2829851
4042305
3472359
4612902
4098099
1361691
1187361
4930419
2687994
760619
3864746
-4576
2487095
2614049
4596796
2347286
2113192
3680285
2119784
2259894
4867423
1071321
4582573
2936101
844695
4137779
N/A
931133
874967
3746382
3621368
1656503
3602362
N/A
4520715

912578
1050627
4151172
-2442
4271311
1660514
3831570

3906645
3567853
3297549
-2645
1407125
2082128
4068337
2176377
-3464
4692696
N/A
-2693
1294691
4520057
-849
751978
882337

3814988
N/A
2798331
2774549
1853230
1875902

1251470
1317237
1569119
4930596
3829263
-1961
1766067

N/A
3095620
4491905
3862723
1439115
3120864
4545154
1838460

N/A
1183940
4993311
-1213

2971511
4790946
2512322
-174
3425662
4298420
3193185
N/A
3285916
2604368
3862030
3510337
-2823
3652990
1353586

1309667
4572816
1061810
3621579
4768397

4305949
1992532
4184262
2872369
3174128
4967636
1652775
1978541
530999
2981821
-1626

-917
N/A
1254303
1295178
3360209
N/A
-3159
-3730
N/A
940988
2837675
872044
2327716

4125989
2496250
1106390
-4466
2617967
4931980
2504272
3532564
1847664
4934321
3047451
-2225
4054205
3672177
2677569
-472
4848153
1382066
2760309
3461979
2436452
1566743
N/A
N/A
3080238
1181893
1541876
4875314
4819305
520356
2403374
2759395
2514923
616253
4097920
-314
4681613
3713854
3386256
730594
2167886
2185941
3924887
725263
-1342
1360177
4118272
-978
1571221
1279286
3772200
4794839
-3702
4323752
2158629
1393684
1000121
4923388
3934353
1093660
4262011
725698
3170557
2296344
3564622
-514
2758230
588928
-2464
1077402
1959048


1453523
3036410
4401897
889632
3298856
-4734
4601787
2292717
3313063
3083917
4941925
3650686
1890167
-577
1153787

1140681
1006506
2447229
1752240
2761289
2766332
4787845
1334295
2128872
640079
1309628

4083380
4119902
N/A
N/A
880748
4426522
1289878
4012216
4253108
3415635
1742821
-2474
1833506
579012
1483178
546811

1057520
4673396
1221167
2877716
4544176
803822
531895
981824
4705984
1002423
4759705
2736391
-3940
2424032
1263400

680256
3648220
4610920
2530027
3460255
4193458
1363689
3555540
4103488
-2486
3099614
4661815
3499573
3719204
1131611
-3197
2608929
2070639
4333547
2052793
752974
3909839
2242278
2363714
1532986
2165846
2712485
3614153
2385534
4313609
1749154
1945826

624075
1153475
3829767
-4649
4247370
N/A
3793384
-3822

2964226
2085385
2232869
1716755
2656021
2690122
-4311
2496000
2181712
-1656
-1818

725652
2512213
-3171
4312959
4917266

-4539
1250231

-4465
909743
-4617

2802156
1209008

2086614
2479972
1472693
2973436
3791486
3145587
3045303
2524129
4656832

-4599
2092608
2702660
2998817
3743228

-3318
911441
2138003
2593653
1039578
-3457

781199
731877
3393901
774804
3325066
4861796
4477288
-4881
4221422
3556690
-1559
2799557
2489715
2273085
2165823

2606926
2483202
2635591
4704174
2196714
-4550
4785050
4341687
2863741
720150
4855782
2063316
2403937
3291950
4564285
4349772
1928863
2507672

N/A
3078923
1594588
3452566
N/A
3545307
2335992
-1328
-1982
1222238
4061659
4815834
1021778
3684969
3755126
1111744
4347677
2173538
4015839
4144523
785240
4420906
3022819
-1223
1234188

2259444
2212857
4366402
4738969
3464768
-776
901579
4404493
4028364

4860227
2176515

-4324
3470369
2912612
-1479
-682
850546
2149262
981370

N/A
-4035
3057338

-3300
3030023
1932806
-584
2146702
-2641
4238413
-1119
N/A
909946

1269785
N/A
3640391
1235252
788161
514570
4971034
2486078
1022028
2304437
1697651
4093353
4295872
4490857
671711
-4163
2562446
3316002
3789488
-4642
2180014
4256964

-2238
2248476
1366196
4476819
4406956
1451626
3103566
-4144
4226268
1174664
2003609
-4466
1752935
2728047
1181492
-1787
4487643
2293157
2088537
3697887
1024975
2338681
2711698

1479570
1314134
814276

1515012
4580673
1245880
3631030

4484948
2418762
-3441
1355677
4067082
751169
1043354
4539343
4809656
4106165
4683723
4488090
1568405
4956608
-1775
2522203
2116573
-779
3240104
3842090
1569672
4741425
1161879
-1914
1722517
4072411

2894323
1375685
2188449
4350130
3875404
-2545
2370880
3467254
4390166
2388305
2615202
2476872
4285105
2980178
-1444
800375
2206278
3295854
1551327
3831231
4594657
3751731
1412885
4683342
1315567
3547664
2612404
4104876
N/A
4280682
4679507
-2863
-4439

1315833
3535805
3107277
-2098
1824328
2757473

3188873
3807724
4056710
-3046
2301155
4100468
1324614
-4494
4610318
2946816
3077345
4906486
1562590
2170604
-4260
3607540
4414599
1144954
4846950
-3450
2737633
1772533
4575192
2501058
2577967
2035310
1044484
3115130
3679574
1174639
3322914
2948751
3722967
3633198
4597314
2416334

N/A
2950693
2799342
506511
1183319
4772664
1324899
2800188
1905402
3836002
4348356
1736074
2563763
854246
4929059
2513763
3460475
1885193
1985455
2232820
-302
810174
1607552
3025011
4161061

N/A
1720942
3122969
1606892
4755444
1438872
2659496
N/A
4607788
1603631
4833832
4106443
1422737
2584358
4527602
1466354
N/A
4689667
4139824
3469689
-1381
4494309
2486707
4083796
1171679
1225085
1591616

4154677
N/A
4347208
2251314
914666
N/A
3524424
2321756
1876920
2222121
3531348
1816781
1197669
1200514
-4202
1826512
3519510
1363917
2327226
1713484
2646018
3763112
2051695
4572392
4511209
4722122
-3107
4540148
4531503
3282479
-1022
4975847
4192824
3376897
615762
N/A
4232107
4944630
4947231
1632230
563444
3549496
3479641
1999716
4022223
3203267

3425662
2461460
3632136
-2066
2860382
3408604
N/A
4039926
4875996
557494
1206377
-4178
3270725
3863587
4293873
2316549
2502926
-4632
4672379
1735743
-1229
2844937
4229884
-846
4609212
N/A

2371337
2563148
760017
3218739
999715
3173586
1836323
4999261
3120060
4759610
2209763
4757249
3299734
2182062
3333554
4383420
4675959
3500810

4247814
4365446
3892483
1918441
3213425
1019080
4448570
3509413
2231066
4192943
1738979

N/A
1217175
3653264
2437147
4102744

4805943
4156502
-1951
1460645
4211218
-3434
-4656
4960959

3281147
2091679
2680573
2568429
2149810
N/A
824553
4243236
4858749
1998300
4519139
2592819
3139054
1951775
3351921
1309094
1116272
524401
2725463
2547377
-1901
576764
1436527
-511
3284017
1856617
3553913

2108617
1050819
882026
2725036
1257957
3187914
N/A
2764752
621954
1619168
3886347
4225509
4275555
1117478
2258688
3775864

4721304
1280230
738018
1909609
2833438
2333894
2530255
-3521
1044605
3540982
4930786
4401435
-3268
2001030
1608183
2744596
1937175
3225215
3428399
3209235
-1240
3668432

1321475
2715884
2194995
1757880
1116520
N/A
3638007
4992132
-3476
N/A
1490254
-4127
4880729
4363695
4006065
4954826
867374
3409056
2948212
1702825
816881
1752323
627790
-2716
1440420
4168875
-2348
2937393
2574628
3047240
1445519
-2803
1067329
1012527
1384386
3205871
3743378
4052213
3358889
1820364
1739382
1084484

-2946
3462077
3317892
2701598
2768438
3979983
4198813
N/A
4259889
3399069
3263420
2530105
4058516
4827964
634317
3296427
4279705
3509201
876845
2879767
1774983
3003890
2776180
2317989
4844241
2724294
1688157
1992755
1534169
4910731
4163396

3967192
633513
2345051
4499455
4809859
3632439
4644122
2419795
3449607

N/A
3075224
676463
4691947
4341670
2132913
2292205
1975617
4025367
-2009
1381813
1896410
-1036
2857690
1225150
4437958
4239546
3224353
3175630
3680319
3736962
2581176
3542477
-1379

N/A
2824425
580460
-1949
4684988
4155573
N/A
1138341
1770110
2101561
4045974
1727264
990823
3944781
N/A
2879122
3230804
4238057
4043714

2990116
1347711

1780562
4066086
2193045
4131363
802136
N/A
3293524
4549715
4666794
4356504
N/A
2601385
3286702
4504792
3634845
589203
4580683
4559813
-4591
1665184
4357121
2487490
2506982
3385179
4506578
4799743
2848247
-4998
N/A
4592565
-3445
4235303
1147919
3761056
3897476
N/A
4901768
4516677
4614926
864311
4385961
1103284
3545648
3288491
1753055
2249744
2820047
2167372
4188655
3943585
2004112
2163375
1815940
2091270
4770815

1207854
2279561
-976
-4553
3504451
3668740
3672544
2734545
2295776
4088823
3965525
2681155
N/A
1743343
3732446
1758442
4808641
1205138
2749286
3145785
4529250
4725700
540580
651702
3505461
-3770
3683746
4661876
2395510
4734817
3743097
2655158
2329191
3979980

901293
2899652
1428705
2035391
840756
-4236
788934
2029113
2099059
-4771
799758
854816
4730325
1349221
N/A
3628984
3305937
988499
1599592
4967105
3060300

1034796
4895529
2814069
2928248
4102106
N/A
546865
1977628
937001
1462952
4613876
1095326
4771203
1653167
3390991
N/A
611594
4930644
903381
3262259
2248613
3935802
3870306
714452
2154797
990339
N/A
1109709
4755304
4383917
2414311
824494
2592390
1115587
N/A
665300
3683300
532569
-3245
3589192
4592384
3681242
2927671
-3043
652257
N/A
2812609
-406
2340226
3015827
1361711
1925277
N/A
1102818
3424455
N/A
-547

1341537
1855160
3393870
3194746
3104812
2095032
2917764
N/A
690002
3063718

1248935
3664553
2879120
4409342
1286915

2115170
-121
2391185
-993
887361
797161
4368833
4422648
2988156
4769486
-1188
4709189
4362169
2175562
4559376
4161903
1834658
4129336
-1185
4246885
2372756
2075096
4790515
1598189
567900
994477
2843096

854797
-931
N/A
4737714
4140118
2466868
3395294
2175392
3284011
-775
4686913
4360158
3519741
-1634
-935

1310586
3315348
2749655
1377132
3914670
3145383
1640647
4576854
4857921
3396176
1091957
1222788
-4840
1309426
1102757
557892
1278226

3679733
752273
-314
4035058
4163230

4732372

-4449
3890651
-1288
4117864

998889
4115063
4188676
3991683
-4867
4053228
1515467
2794739
3525084

2857947
4221493
1663183
2180856
1050706
1712068
3537176
3227784
1824552
3743170
-4882
1090575
3282747
-2179
3268142
-2424

2471304
4907181
2219332
2955473
-563
1539831
N/A
1801968
3089342
2408987
N/A
3176747
N/A
1789558
2724962
N/A
3984249
-896
513729

817443
3060377
1930500
760378
3726985
914839
3502166
2194321
2955644
709947
-2421
3246374

2852579
2269066
3086071
2534981
1069475
2659740
2367985

4603809
831519
4942485
1228984
4673701
4803011
1141831
3339746
3867355
1872256
1493031
2550273
2849420
2058938
797146
1902480
4664815
1757189
3981222
2311266
2419471
N/A
-2695
2053125
784614
1899868
3666092
2088547
4053573
3114776
2978441
3571861
-3469
2698645
-3351
731631
1049228
N/A
2398359
2561808
-3298
1006311
4391607
4546620
2725122
-200
1885226
4836846
4018690
1046958
-2937
N/A
4062686
3790512
2242850
1078861
3992452
4608651
1579138
4426935
2561186
4919183
N/A
4576832
3136342
3766283
2195996
3931482
928165
4669785
4805220
-4717
1858816
588757
811810
3831179
529273
4918959
1292889
4601142
4434113
4092091
-2932
-447
-3710
4198751
585619
-3097
4857164
2582939
-3323
1613804
1856369
1993854
1940122
-3791
4320141
N/A
-2771
627826
4054143
3294196
677209
-496
1507842
2135080

-1146
-1185
-4969
1499459
4317372
1014938

3505932
1302996
3406845
1708938
3899079
1573551
-466
3542098
3593199
-3897
519126
4126515
3358617
1264067
1662296
1610080
3787137
2355703
3257509
696714
-914
640733
882778

3209771
1668942
3959806
2266920
1812753
4462996
1447054
3446929
1171961
-3438
N/A
2057305
-4288
3764132
1425247
1636604
2686648
995466
3637414
2927949
4015254
-3557
1416951
1819485
2988230
3253220
1659115

1986839
4730859
1801089
4558647
-2542
2500606
2412624
4315837
3879280
1378440
N/A
2806967
4816613
3687554
3504527
2628577
4286738
4779609
953409
2029798
2529818
3924123
4659598
-2238

4028222
873400
N/A
-4801
4354902
884244
2063517
2871986
3361218
3359075
3531625
1135132
2736511
4208519
3290153
715486
2605156
2972808
3898387
1685893
3369293
2174116
1635671
4329256
3689553
N/A
686811
-4918

3914655
1891429
3303672
657443
4235396
2766288
2359133
2771245
612479
2882091
2944761
-3106
4901269
2781383
3766639
2474386
4689921
3731329
-3618
4443943
N/A
N/A
1051873
-1456
4302791
4185183
3611111
2242261
-794
689654
3938954
4183818
2957042

3198911
2525214
N/A
1957224
2947601
2824949
3191272
2006439
3683739
3223958

1224832
2451414
